0,1,630,10,1,main
0,1,630,10,1,main
0,1,637,10,1,main
0,1,638,10,1,main
0,1,630,10,1,main
0,1,630,10,1,main
0,1,630,10,1,main
0,1,632,10,1,main
0,1,630,10,1,main
0,1,630,10,1,main
0,1,630,10,1,main
0,1,630,10,1,main
0,1,630,10,1,main
0,1,630,10,1,main
0,1,631,10,1,main
0,1,630,10,1,main
0,1,630,10,1,main
0,1,630,10,1,main
0,1,630,10,1,main
0,1,630,10,1,main
0,1,630,10,1,main
0,1,627,10,1,main
0,1,630,10,1,main
0,1,630,10,1,main
0,1,634,10,1,main
0,1,620,10,1,main
0,1,630,10,1,main
0,1,630,10,1,main
0,1,630,10,1,main
0,1,632,10,1,main
0,1,630,10,1,main
0,1,630,10,1,main
0,1,630,10,1,main
0,1,630,10,1,main
0,1,630,10,1,main
0,1,630,10,1,main
0,1,634,10,1,main
0,1,630,10,1,main
0,1,630,10,1,main
0,1,627,10,1,main
0,1,630,10,1,main
0,1,630,10,1,main
0,1,630,10,1,main
0,1,630,10,1,main
0,1,627,10,1,main
0,1,627,10,1,main
0,1,627,10,1,main
0,1,630,10,1,main
0,1,630,10,1,main
0,1,630,10,1,main
0,1,630,10,1,main
0,1,637,10,1,main
0,1,638,10,1,main
0,1,637,10,1,main
0,1,638,10,1,main
0,1,627,10,1,main
0,1,628,10,1,main
0,1,627,10,1,main
0,1,628,10,1,main
0,1,630,10,1,main
0,1,630,10,1,main
0,1,630,10,1,main
0,1,637,10,1,main
0,1,638,10,1,main
0,1,637,10,1,main
0,1,638,10,1,main
0,1,630,10,1,main
0,1,630,10,1,main
0,1,630,10,1,main
0,1,630,10,1,main
0,1,630,10,1,main
0,1,630,10,1,main
0,1,630,10,1,main
0,1,630,10,1,main
0,1,630,10,1,main
0,1,630,10,1,main
0,1,630,10,1,main
0,1,630,10,1,main
0,1,630,10,1,main
0,1,630,10,1,main
0,1,630,10,1,main
0,1,630,10,1,main
0,1,630,10,1,main
0,1,630,10,1,main
0,1,630,10,1,main
0,1,630,10,1,main
0,1,630,10,1,main
0,1,630,10,1,main
0,1,630,10,1,main
0,1,630,10,1,main
0,1,630,10,1,main
0,1,630,10,1,main
0,1,630,10,1,main
0,1,630,10,1,main
0,1,630,10,1,main
0,1,630,10,1,main
0,1,630,10,1,main
0,1,630,10,1,main
0,1,630,10,1,main
0,1,630,10,1,main
0,1,630,10,1,main
0,1,630,10,1,main
0,1,630,10,1,main
0,1,630,10,1,main
0,1,630,10,1,main
0,1,630,10,1,main
0,1,630,10,1,main
0,1,630,10,1,main
0,1,630,10,1,main
0,1,630,10,1,main
0,1,630,10,1,main
0,1,630,10,1,main
0,1,630,10,1,main
0,1,630,10,1,main
0,1,630,10,1,main
0,1,630,10,1,main
0,1,630,10,1,main
0,1,630,10,1,main
0,1,630,10,1,main
0,1,630,10,1,main
0,1,630,10,1,main
0,1,630,10,1,main
0,1,630,10,1,main
0,1,630,10,1,main
0,1,630,10,1,main
0,1,630,10,1,main
0,1,630,10,1,main
0,1,630,10,1,main
0,1,630,10,1,main
0,1,630,10,1,main
0,1,630,10,1,main
0,1,630,10,1,main
0,1,630,10,1,main
0,1,630,10,1,main
0,1,630,10,1,main
0,1,630,10,1,main
0,1,630,10,1,main
0,1,630,10,1,main
0,1,630,10,1,main
0,1,618,10,1,main
0,1,616,10,1,main
0,1,614,10,1,main
0,1,625,10,1,main
0,1,626,10,1,main
0,1,618,10,1,main
0,1,616,10,1,main
0,1,614,10,1,main
0,1,625,10,1,main
0,1,626,10,1,main
0,1,618,10,1,main
0,1,616,10,1,main
0,1,614,10,1,main
0,1,625,10,1,main
0,1,626,10,1,main
0,1,618,10,1,main
0,1,616,10,1,main
0,1,614,10,1,main
0,1,625,10,1,main
0,1,626,10,1,main