2357,0,240265,7506,0.0,['leter-class', 'con', 'ps-container']
47,0,9580,160,0.0,['furl-all']
36,18,9436,109,0.0,['y-tuku235', 'seek-list']
45,0,7045,105,0.0,[]
60,0,6211,84,0.0,['top_layer']
0,0,3000,137,0.0,['sa_search_list', 'hide']
8,1,2998,35,0.0,['layerbox_left']
18,0,1703,34,0.0,['sub-nav']
26,0,1606,26,0.0,['leter-list', 'con', 'clearfix']
10,0,1348,35,0.0,['wrap']
18,0,1327,36,0.0,['top_layer']
4,4,1202,15,0.0,['seek-list', 'panoramabox']
9,0,869,11,0.0,['pagination']
10,0,816,13,0.0,['footer-bottom']
1,0,681,18,0.0,['']
4,1,565,11,0.0,[]
5,0,317,9,0.0,['fL', 'article-bread']
0,0,269,5,0.0,['swip_check']
0,1,226,4,0.0,['otwo_hlp']
1,0,183,3,0.0,['fR']
0,1,146,2,0.0,['td_wrap']
1,0,140,1,0.0,['cur_move']
0,1,139,1,0.0,['top_layer']
1,1,135,2,0.0,['td_wrap']
0,0,129,3,0.0,['t', 'fL']
0,0,113,2,0.0,['auto_match_box', 'hide']
1,0,76,1,0.0,[]
0,0,47,1,3.0,['sa_inner_list', 'hide']
0,0,39,1,0.0,['t', 'fL']
2357,0,239896,7502,0.0,['leter-class', 'con']
45,0,6999,105,0.0,[]
60,0,6211,84,0.0,['top_layer']
18,0,1700,34,0.0,['sub-nav']
26,0,1606,26,0.0,['leter-list', 'con', 'clearfix']
18,0,1327,36,0.0,['top_layer']
9,0,1073,32,0.0,['wrap']
7,0,1066,32,0.0,['furl-all']
10,0,816,13,0.0,['footer-bottom']
1,0,681,18,0.0,['']
4,1,488,11,0.0,[]
5,0,323,9,0.0,['fL', 'article-bread']
1,0,183,3,0.0,['fR']
0,1,139,1,0.0,['top_layer']
0,0,125,3,0.0,['t', 'fL']
0,0,113,2,0.0,['auto_match_box', 'hide']
0,0,76,1,3.0,['y-tuku235', 'seek-list']
1,0,76,1,0.0,[]
0,0,48,1,3.0,['sa_search_list', 'hide']
0,0,47,1,3.0,['sa_inner_list', 'hide']
2357,0,239887,7502,0.0,['leter-class', 'con']
45,0,6999,105,0.0,[]
60,0,6211,84,0.0,['top_layer']
18,0,1700,34,0.0,['sub-nav']
26,0,1606,26,0.0,['leter-list', 'con', 'clearfix']
18,0,1327,36,0.0,['top_layer']
6,3,1206,25,0.0,['y-tuku235', 'seek-list']
9,0,1073,32,0.0,['wrap']
10,0,816,13,0.0,['footer-bottom']
1,0,681,18,0.0,['']
4,1,488,11,0.0,[]
3,0,190,5,0.0,['fL', 'article-bread']
1,0,183,3,0.0,['fR']
0,1,175,4,0.0,['t', 'fL']
0,1,139,1,0.0,['top_layer']
1,0,120,4,0.0,['t', 'fL']
0,0,113,2,0.0,['auto_match_box', 'hide']
1,0,76,1,0.0,[]
1,0,60,1,0.0,['more', 'fR']
2357,0,240265,7506,0.0,['leter-class', 'con', 'ps-container']
45,0,7045,105,0.0,[]
36,18,6705,109,0.0,['y-tuku235', 'seek-list']
0,0,48,1,3.0,['sa_search_list', 'hide']
0,0,47,1,3.0,['sa_inner_list', 'hide']
2357,0,240265,7506,0.0,['leter-class', 'con', 'ps-container']
36,18,7418,109,0.0,['y-tuku235', 'seek-list']
2357,0,240265,7506,0.0,['leter-class', 'con', 'ps-container']
45,0,7045,105,0.0,[]
60,0,6211,84,0.0,['top_layer']
0,0,3000,137,0.0,['sa_search_list', 'hide']
8,1,2999,35,0.0,['layerbox_left']
2357,0,240265,7506,0.0,['leter-class', 'con', 'ps-container']
36,18,8428,109,0.0,['y-tuku235', 'seek-list']
2357,0,240265,7506,0.0,['leter-class', 'con', 'ps-container']
45,0,7045,105,0.0,[]
60,0,6211,84,0.0,['top_layer']
8,1,2999,35,0.0,['layerbox_left']
2357,0,240265,7506,0.0,['leter-class', 'con', 'ps-container']
36,18,7838,109,0.0,['y-tuku235', 'seek-list']
2357,0,240265,7506,0.0,['leter-class', 'con', 'ps-container']
36,18,7294,109,0.0,['y-tuku235', 'seek-list']
60,0,6211,84,0.0,['top_layer']
8,1,2999,35,0.0,['layerbox_left']
18,0,1703,34,0.0,['sub-nav']
26,0,1606,26,0.0,['leter-list', 'con', 'clearfix']
10,0,1348,35,0.0,['wrap']
18,0,1327,36,0.0,['top_layer']
7,0,1110,32,0.0,['furl-all']
10,5,2085,31,0.0,['y-tuku235', 'seek-list']
18,0,1703,34,0.0,['sub-nav']
26,0,1606,26,0.0,['leter-list', 'con', 'clearfix']
18,0,1327,36,0.0,['top_layer']
10,0,1190,35,0.0,['wrap']
7,0,1184,32,0.0,['furl-all']
18,0,1703,34,0.0,['sub-nav']
26,0,1606,26,0.0,['leter-list', 'con', 'clearfix']
18,0,1327,36,0.0,['top_layer']
8,0,1323,35,0.0,['furl-all']
